1110000000000000000000000000000000000000000000000000000000000000000000000000000000000011111111111111
1111000000000000000000000000000000000000000000000000000000000000000000000000000000001111111111111111
1111100000000000000000000000000000000000000000000000000000000000000000000000000000111111111111111111
1111100000000000000000000000000000000000000000000000000000000000000000000000000011111111111111111111
1111111111000000000000000000000000000000000000000000000000000000000000000000011111111111111110000111
1111111111100000000000000000000000000000000000000000000000000000000000000111111111111111110000001111
1111111111110000000000000000000111111111000000000000000000000000000000011111111111111110000000001111
1111111111111100000000011111111111111111111111111110000000000000000000111111111111111000000000001111
1111111111111111111111111111111111111111111111111111111100000000000001111111111111100000000000011111
1111111111111111111111111111111111111111111111111111111111100000000011111111111100000000000000011111
1111111111111111111111111111111111111111111111111111111111111000001111111111000000000000000000111111
1111111111111111111111111111111111000111111111111111111111111110011111111100000000000000000000111111
1111111101111111111111111111000000000000000000000111111111111111111111111000000000000000000000111111
1111111100111111111111111111110000000000000000000000001111111111111111110000000000000000000000111110
1111111100000001111111111111111000000000000000000000000001111111111111100000000000000000000000111110
1111111100000000001111111111111110000000000000000000000000011111111110000000000000000000000000111110
1111111000000000000000011111111111100000000000000000000000001111111111100000000000000000000000111110
1111111000000000000000000111111111111100000000000000000000111111111111110000000000000000000000111110
1111111000000000000000000001111111111111000000000000000011111111111111111000000000000000000000111110
1111111000000000000000000000111111111111100000000000000111111111101111111100000000000000000001111110
1111111000000000000000000000001111111111111000000000011111111110000111111110000000000000000001111110
1111111000000000000000000000000011111111111110000011111111111100000001111110000000000000000001111110
1111111000000000000000000000000000011111111111111111111111110000000001111111000000000000000001111100
1111111000000000000000000000000000000111111111111111111111100000000000111111000000000000000001111100
1111111000000000000000000000000000000011111111111111111111000000000000111111000000000000000001111100
1111111000000000000000000000000000000000111111111111111100000000000000011111000000000000000001111100
1111111000000000000000000000000000000000000111111111100000000000000000011111000000000000000001111100
1111111000000000000000000000000000000000000000000000000000000000000000011111000000000000000001111110
1111111100000000000000000000000000000000000000000000000000000000000000111111000000000000000001111111
1111111111000000000000000000000000000000000000000000000000000000000000111111000000000000000001111111
1111111111100000000000000000000000000000000000000000000000000000000001111110000000000000000001111111
1111111111110000000000000000000000000000000000000000000000000000000011111110000000000000000001111111
1111111111111000000000000000000000000000000000000000000000000000001111111110000000000000000001111111
1111001111111111000000000000000000000000000000000000000000000001111111111100000000000000000001111111
1111000111111111110000000000000000000000000000000000000000111111111111111000000000000000000001111111
1111000011111111111100000000000000000000000000000000000011111111111111110000000000000000000000111111
1111000000111111111111000000000000000000000000000000011111111111111111100000000000000000000000111111
1111000000011111111111111000000000111111111111111111111111111111111110000000000000000000000000011111
1110000000000111111111111111111111111111111111111111111111111111110000000000000000000000000000011111
1110000000000001111111111111111111111111111111111111111111111111100000000000000000000000000000011111
1111000000000000011111111111111111111111111111111111111111111111111100000000000000000000000000011111
1111000000000111111111111111111111111111111111111111111111111111111111111111000000000000000000011111
1111100001111111111111111111111111111111111111111111111111111111111111111111111111111111111100011111
1111111111111111111111111111111111110000000000000000000000000111111111111111111111111111111111111111
1111111111111111111111110000000000000000000000000000000000000001111111111111111111111111111111111111
1111111111111111111000000000000000000000000000000000000000000000011111111111111111111111111111111111
1111111111111111000000000000000000000000000000000000000000000000000000000111111111111111111111111111
1111111111110000000000000000000000000000000000000000000000000000000000000000000000000000011111111111
1111111100000000000000000000000000000000000000000000000000000000000000000000000000000000000001111111
1111100000000000000000000000000000000000000000000000000000000000000000000000000000000000000000000111
